Q4 - Tempos

mandelbrot_mpi2_nox_dist_n1

21.834	21.762	0.045
22.879	22.830	0.022
22.690	22.645	0.016
22.066	21.998	0.040
21.887	21.818	0.040
21.689	21.627	0.037
23.291	23.220	0.043
23.643	23.560	0.043
23.260	23.208	0.025
21.961	21.890	0.047
21.906	21.845	0.038
22.314	22.241	0.040
21.908	21.842	0.037
21.940	21.869	0.043
21.995	21.943	0.030
22.013	21.945	0.042
22.871	22.798	0.044
22.476	22.413	0.036
21.873	21.795	0.040
22.087	22.016	0.049
21.834	21.761	0.046
21.755	21.674	0.053
21.761	21.681	0.048
21.726	21.668	0.029
21.741	21.678	0.034
22.237	22.139	0.065
22.412	22.335	0.049
22.659	22.587	0.045
22.664	22.619	0.018
21.656	21.585	0.049

mandelbrot_mpi1_nox_dist_n1

20.017	19.954	0.043
20.283	20.241	0.020
20.782	20.716	0.041
21.396	21.317	0.043
20.937	20.877	0.033
20.463	20.405	0.035
20.081	20.020	0.036
20.477	20.408	0.044
20.824	20.756	0.044
20.769	20.709	0.038
21.163	21.102	0.036
21.362	21.284	0.033
21.215	21.141	0.047
21.054	20.986	0.037
20.524	20.475	0.023
20.856	20.785	0.044
20.972	20.916	0.029
21.587	21.525	0.031
22.609	22.553	0.020
21.318	21.261	0.027
21.822	21.766	0.031
21.537	21.486	0.016
21.322	21.245	0.052
21.092	21.019	0.044
20.573	20.512	0.032
20.289	20.236	0.030
20.309	20.256	0.031
20.753	20.684	0.041
20.446	20.371	0.048
20.092	20.031	0.036

mandelbrot_mpi2_nox_dist_n2

11.335	22.552	0.054
11.778	23.462	0.036
11.565	23.019	0.062
11.365	22.642	0.039
11.356	22.606	0.042
11.347	22.575	0.055
11.341	22.581	0.050
11.678	23.247	0.053
11.546	22.988	0.036
11.895	23.673	0.047
11.339	22.559	0.061
11.381	22.669	0.040
11.869	23.637	0.053
11.396	22.646	0.084
11.445	22.754	0.078
11.499	22.892	0.043
11.789	23.441	0.058
11.421	22.712	0.072
11.515	22.902	0.058
11.521	22.948	0.038
11.385	22.626	0.071
11.494	22.873	0.052
11.532	22.949	0.043
11.444	22.784	0.045
11.558	23.000	0.062
11.579	23.041	0.061
11.600	23.096	0.037
11.688	23.287	0.036
11.555	22.997	0.040
11.654	23.182	0.053

mandelbrot_mpi1_nox_dist_n2

10.637	21.158	0.055
10.642	21.195	0.028
10.641	21.175	0.053
11.147	22.180	0.042
10.805	21.484	0.072
10.659	21.197	0.062
10.705	21.228	0.113
10.689	21.252	0.065
10.703	21.283	0.067
10.777	21.460	0.041
10.927	21.725	0.060
10.793	21.459	0.068
10.821	21.556	0.031
10.643	21.194	0.034
10.848	21.562	0.070
10.524	20.890	0.088
10.490	20.885	0.050
10.664	21.219	0.045
10.559	21.022	0.044
10.528	20.932	0.056
10.973	21.825	0.069
10.500	20.910	0.042
10.502	20.906	0.036
10.598	21.081	0.054
10.952	21.792	0.045
10.661	21.217	0.052
10.855	21.608	0.043
10.522	20.939	0.048
12.761	25.383	0.044
12.887	25.412	0.052

mandelbrot_mpi2_nox_dist_n4

6.401	25.406	0.100
6.626	26.279	0.096
6.961	27.607	0.102
6.190	24.513	0.098
6.194	24.564	0.081
6.527	25.867	0.106
6.144	24.392	0.090
6.352	25.213	0.072
6.224	24.711	0.063
6.193	24.530	0.075
6.171	24.496	0.064
6.150	24.406	0.053
6.204	24.623	0.104
6.378	25.270	0.076
6.362	25.254	0.089
6.644	26.356	0.111
6.455	25.593	0.088
6.444	25.564	0.103
6.813	27.025	0.106
6.555	26.002	0.082
6.425	25.524	0.073
6.932	27.441	0.153
6.689	26.564	0.085
6.239	24.812	0.056
6.189	24.576	0.054
6.558	25.990	0.076
6.512	25.808	0.104
6.804	26.939	0.132
6.945	27.586	0.116
6.411	25.487	0.056

mandelbrot_mpi1_nox_dist_n4

12.267	48.189	0.739
12.413	48.753	0.773
12.645	49.691	0.738
12.357	48.538	0.781
11.833	46.519	0.673
12.641	49.575	0.805
12.270	48.197	0.729
13.808	54.294	0.780
13.095	51.383	0.851
13.731	53.828	0.952
12.640	49.694	0.738
13.185	51.733	0.868
12.327	48.318	0.817
12.844	50.547	0.677
12.866	50.510	0.800
13.262	52.062	0.827
13.507	52.990	0.883
12.698	49.898	0.785
13.338	52.338	0.850
13.571	53.417	0.740
14.117	55.516	0.803
13.806	54.239	0.832
13.171	51.750	0.798
14.226	55.817	0.921
13.261	52.101	0.797
13.637	53.462	0.917
14.469	56.759	0.970
13.932	54.744	0.847
12.510	49.066	0.824
12.971	51.001	0.774

mandelbrot_mpi2_nox_dist_n8

5.056	38.302	0.266
4.909	37.690	0.241
4.690	36.613	0.218
4.690	36.892	0.181
4.841	37.815	0.163
4.644	35.893	0.245
4.814	37.739	0.153
5.021	39.066	0.224
4.749	37.114	0.159
4.489	35.154	0.168
4.905	38.280	0.186
5.406	41.174	0.407
4.886	37.873	0.193
5.097	39.385	0.230
5.069	39.296	0.270
4.649	36.447	0.210
4.998	38.395	0.223
4.775	37.400	0.148
5.268	41.401	0.281
4.595	36.119	0.152
4.881	38.477	0.164
4.645	36.566	0.173
4.623	36.378	0.181
4.729	37.253	0.164
4.659	36.710	0.144
4.752	37.283	0.208
4.789	37.658	0.208
4.733	37.278	0.125
4.585	36.134	0.153
4.590	36.129	0.168

mandelbrot_mpi1_nox_dist_n8

14.154	109.933	2.233
13.764	107.364	2.013
13.820	107.529	2.190
14.819	115.040	2.318
14.033	108.950	2.238
13.715	106.901	2.101
14.294	110.509	2.137
14.076	107.777	2.129
14.490	110.898	2.246
14.179	108.750	2.377
13.867	106.707	2.115
13.815	107.678	2.077
14.528	109.379	2.231
14.322	110.273	2.357
13.966	108.708	2.006
14.011	107.996	1.989
14.113	107.797	2.275
14.905	112.026	2.195
13.978	108.940	2.060
14.732	111.931	2.361
14.461	108.526	1.970
15.127	114.092	2.304
14.698	112.742	2.324
13.990	108.660	1.957
13.833	107.536	2.273
14.028	109.345	2.075
13.954	108.692	2.206
14.123	110.004	2.082
13.859	108.005	2.080
13.466	104.907	2.080
